sample	group	pc1_0.481176791339	pc2_0.0749116292045	pc3_0.0550764354284	pc4_0.0480926799438	pc5_0.0374722255351	pc6_0.0303870576715	pc7_0.02736340159	pc8_0.0261323289018	pc9_0.0240798427292	pc10_0.0216154641977	pc11_0.0200033329899	pc12_0.0176371692304	pc13_0.016411577629	pc14_0.0147310772329	pc15_0.0136680423534	pc16_0.0119361972234	pc17_0.0100952842266	pc18_0.00929745580647	pc19_0.00796121175749	pc2_0.00723796656549	pc21_0.00712727152891	pc22_0.00637359532473	pc23_0.00617898532916	pc24_0.00481519205564	pc25_0.00424136414713	pc26_0.00357959594948	pc27_0.0034388644791	pc28_0.00306876760635	pc29_0.00263857776504	pc30_0.00145527163809	pc31_0.00131092676217	pc32_0.000453951046833	pc33_0.000030464811413	pc34_0	pc35_0	pc36_0	pc37_0	pc38_0	pc39_0
10DAG.AE	DAG_AE	-0.175887943	-0.084914727	0.017809174	-0.014956679	0.071494747	0.03761484	-0.046571329	-0.064665471	-0.026993647	0.042974119	0.007845249	-0.017379706	-0.036929941	-0.061226904	0.050831164	-0.030538538	0.012255883	-0.020982707	-0.027475958	-0.017900837	0.010037259	0.003628576	0.00379689	-4.09E-05	0.001231973	0.003097045	0.000924849	-0.00385531	0.014100214	-0.001268757	2.79E-05	0.002416705	-0.000114154	0	0	0	0	0	0
13DAG.SM	DAG	-0.132929685	-0.052497135	-0.058251596	-0.019472721	-0.012387264	-0.091113242	0.006778517	-0.019594906	0.052041292	-0.010112916	0.051016204	0.033947056	-0.02172683	-0.033267519	-0.063577317	-0.007723242	0.000660396	-0.007629009	-0.020764545	0.013173214	-0.002718332	0.002895039	-0.002860335	0.012901559	0.002635774	0.002078035	0.009801266	0.003634524	0.013641352	0.001158727	0.000977509	-0.000956368	-0.001341306	0	0	0	0	0	0
13i	Inicial	0.098180184	0.016507485	-0.032488917	0.141820716	-0.066716649	0.001284447	-0.032641601	0.029795244	-0.031320189	0.007697805	0.053482221	-0.018298391	-0.025232932	0.005533624	0.010471055	0.005185541	-0.007447821	-0.016833433	-0.021390249	0.003992588	0.023297821	8.27E-05	0.001828974	0.0081585	0.016448361	-0.006974955	-0.024807512	-0.001936338	-0.011924225	0.0108879	0.014826753	-0.000129661	-0.000567197	0	0	0	0	0	0
20DAG.AE	DAG_AE	-0.171314153	-0.085910221	-6.60E-05	-0.009065563	0.070931994	-0.001420336	-0.092480046	0.046849144	0.045082348	0.024193739	0.007628279	0.011215833	0.014911196	0.056119709	0.018964298	-0.017656763	-0.035260785	0.004395903	0.004726561	0.022327929	-0.002833941	-0.020057575	-0.020381742	0.006303174	-0.003413362	-0.021387773	0.010381034	-0.003895395	-0.013440626	-0.001089511	-0.007150697	0.001449957	-0.000251288	0	0	0	0	0	0
21DN.AE	DN_AE	0.101233741	-0.010891075	4.92E-02	-0.053355861	-0.050294413	-0.024459906	0.004034303	-0.039654941	-0.014127722	-0.039334292	-0.061336368	0.020048426	-0.001963444	0.006888819	-0.002507624	-0.022236589	-0.01424937	-0.045684061	0.010708402	0.015446218	0.048756015	-0.011921968	-0.024388568	-0.005941113	-0.021695151	0.005740164	-0.010704712	-0.01126223	0.007531875	0.00463712	-0.003464355	-0.002804327	-7.36E-05	0	0	0	0	0	0
26DAG.AN	DAG_AN	-0.156760747	0.067672862	0.033720969	-0.027822749	0.031232614	-0.029027244	-0.032771093	-4.14E-02	0.002046603	0.004640054	0.011282279	-0.037126768	0.003274632	0.021941336	0.028787443	0.066099101	0.01831628	-0.011174677	-0.026726459	0.018772672	-0.019286512	0.003800585	-0.004026801	-0.004067228	-0.009177476	0.010826192	0.004771772	-0.014074976	-0.004781442	0.012093294	0.005154705	-0.001300476	-0.00066665	0	0	0	0	0	0
26DAG.SM	DAG	-0.149295422	-0.082594597	-0.047605785	0.050334238	0.069103858	-0.037828943	0.021624105	-0.05567925	0.030536478	-0.054726766	-0.01804733	-0.040523145	0.017879299	0.012255988	-0.020344579	-0.019704951	-0.003816814	-0.018715219	0.0130492	-0.016966579	-0.007670251	0.004446269	-0.003420636	-0.022222269	-0.001113628	-0.005909557	-0.014452151	0.001308397	-0.006336381	-0.002521652	0.015342663	-0.00275312	0.001009494	0	0	0	0	0	0
27DAG.AE	DAG_AE	-0.188894658	-0.014067868	0.033317149	0.002538933	-0.081717903	0.081611534	-0.003062948	0.055474448	0.044460605	0.033553393	0.046677223	-0.032718261	0.009385237	0.000632664	-0.019090108	-0.011976801	0.029874368	-0.003102058	0.008952732	-0.002977035	-0.004804669	-0.020633945	-0.032136073	-0.019753233	-0.008355521	0.012892523	-0.000892241	-0.00322499	0.020613877	-0.009549824	0.00364674	-0.003483214	-8.95E-05	0	0	0	0	0	0
27DAG.SM	DAG	-0.159117812	-0.143898682	-0.048721863	0.048804947	0.00833942	-0.013293879	0.130759618	0.043064651	0.013044003	0.037379992	-0.03037265	-0.006901611	0.040105744	-0.003268609	0.033316293	0.031421892	-0.005165439	0.001275134	-0.001850817	0.01951703	0.008965317	-0.008619303	0.010281948	0.010722973	-0.003073302	0.008991932	-0.000119696	0.000171928	0.006420479	0.007912734	-0.002149397	0.003225228	8.47E-05	0	0	0	0	0	0
2DN.AE	DN_AE	0.149773679	-0.020845754	0.058434387	-0.02311053	-0.01483914	-0.018200334	-0.015772504	0.002383515	-0.017685934	-0.033553766	0.008003359	0.019629162	0.037204136	0.009174732	0.014311051	0.009294073	0.028342811	-0.011568096	-0.003613426	0.01204135	0.003624199	-0.017800067	0.005446373	0.039341879	0.031402544	-0.018301056	0.000775105	-0.010277293	0.025295905	-0.006653949	0.003600308	0.003283092	0.001222056	0	0	0	0	0	0
2i	Inicial	0.116767846	0.030090809	-0.027913115	0.124621452	-0.031599242	-0.018659861	-0.017193718	0.000839221	-0.024310118	0.028508499	0.007784709	0.004921574	0.036627567	-0.050224414	0.002336032	-0.01413691	-0.00915465	-0.041121768	0.016434136	0.007873432	-0.019000966	0.021808496	-0.007020629	0.001474812	-0.015077475	0.004569246	0.024698406	-0.005408737	-0.008175956	-0.007311801	-0.014183653	0.000789907	0.000666793	0	0	0	0	0	0
2SM.DN	DN	0.14700414	-0.019580762	-0.002876274	-0.003668375	0.011569182	-0.02122365	-0.009719254	0.027999434	-0.013842562	-0.002768974	0.007470978	0.016520789	-0.022522236	0.010108452	0.009718985	0.03858842	0.032100703	-0.018041141	0.011038499	-0.009659849	0.030363311	-0.036923687	0.013927592	-0.044653621	0.011100994	0.009053453	0.023044848	0.009789934	-0.007948326	0.003449837	-0.002937648	-0.00028293	0.000194714	0	0	0	0	0	0
31i	Inicial	0.142279758	-0.009758755	0.011603027	0.041787421	0.027097207	0.015804454	-0.017108079	-0.002227091	0.018645675	-0.018219202	0.000858134	0.035033183	0.020540838	-0.024655841	0.011203496	-0.003307017	-0.033706997	0.029378088	-0.013179476	-0.014226183	0.022790209	-0.002247461	-0.010388502	-0.008146748	0.012432696	-0.001392204	-0.003694917	0.027277511	0.007723883	0.00837308	-0.009049969	-0.003905792	-0.002710668	0	0	0	0	0	0
33DN.AE	DN_AE	0.158730315	-0.00981686	0.049413826	-0.037373879	-0.031303561	0.018956838	0.02559247	-0.02614243	0.030080643	0.023179778	0.001354321	0.011072925	0.001600407	-0.008990127	0.014414552	-0.018184454	-0.008500604	0.000357167	0.030626152	-0.049502362	-0.023571871	-0.025436867	-0.006772196	0.025836242	-0.008324918	0.008788809	0.007805545	-0.003031448	-0.01549541	0.015081078	0.012467377	0.007092468	-0.001447665	0	0	0	0	0	0
33i	Inicial	0.146010504	0.002317765	0.005587399	0.002170476	0.037494551	-0.032213022	0.001263809	0.030464673	0.024384264	0.040061747	-0.014540278	0.050695464	-0.001253167	0.002887408	0.022269527	0.008651939	0.02469379	0.042055734	-0.00052969	-0.025192751	0.026175811	0.051562663	-0.027378014	-0.003769648	-0.000318985	0.005759792	0.003504168	-0.018883346	0.001865663	-0.003168374	0.008553858	-0.003458045	0.001479549	0	0	0	0	0	0
33SM.DN	DN	0.15278867	0.001846735	0.029417435	-0.008613489	0.05181091	0.020284049	0.017245424	0.024121138	-0.010145442	-0.013230787	-0.000604931	0.032413919	-0.019134597	0.000924177	-0.011024063	-0.02128609	0.030025359	-0.016020742	0.02941174	0.043621377	-0.038518391	0.025669776	-0.014278617	-0.014004631	0.011673768	-0.004457976	0.00419484	0.01162327	0.004864965	0.012725181	0.011968859	-4.25E-05	-1.23E-03	0	0	0	0	0	0
34DAG.AE	DAG_AE	-0.17410087	-0.033286583	0.003267771	0.057795761	-0.070486592	0.03534521	0.011624289	-0.099654761	-0.049379905	0.043909627	-0.027781613	0.054979827	-0.031358879	0.037035741	-0.03215555	0.019008857	-0.020560277	0.029958039	-0.002946552	0.00498334	-0.014874359	-0.009235044	-0.016147841	-0.00847074	0.01041571	-0.01008858	0.008221159	-0.002221608	0.000866594	0.000894012	0.000677014	-1.20E-04	0.001434513	0	0	0	0	0	0
38DN.AE	DN_AE	0.11733609	0.019785455	0.049211649	-0.022971868	-0.030166863	-0.008549002	0.021694161	-0.011078285	0.01495211	-0.017290521	0.017134529	-0.049902235	-0.004069473	0.018340572	-0.002526487	-0.001234569	-0.012670132	-0.010776183	-0.010624316	-0.004620191	-0.00536081	0.025603455	-0.004964093	-0.004773454	0.008005314	-0.010598995	0.020245229	-0.006838048	0.001172675	0.016306383	-0.016069033	0.002337587	0.000811832	0	0	0	0	0	0
39DAG.AE	DAG_AE	-0.170472206	-0.071247837	-0.00690496	0.005453673	-0.027548677	0.025317129	-0.066782963	0.013710203	-0.014669237	-0.033694495	-0.070476216	0.0154736	0.03407304	-0.018627514	-0.032450094	0.024888523	0.05616618	-0.004386714	-0.000680914	-0.016882358	-0.009921596	0.010293499	0.001403332	0.010507982	0.010393428	0.006450723	-0.008908534	0.00952303	-0.019982173	-0.002751034	-0.007387795	0.00379016	-0.000671835	0	0	0	0	0	0
39DAG.SM	DAG	-0.168012828	-0.057862868	0.020679313	-0.068111862	-0.029661462	0.067920368	0.018929555	0.063035988	-0.007592711	-0.024137252	-0.00790496	0.014546537	-0.040939537	-0.011488917	0.001454393	-0.003202976	-0.036227274	-0.015910663	0.004142356	0.00076389	-0.006096988	0.02872643	0.022767379	-0.00507363	0.017937967	0.001243676	-0.015137265	-0.022044646	-0.009206214	0.003038765	-0.00599983	-0.004021952	-0.000192739	0	0	0	0	0	0
3DAG.AN	DAG_AN	-0.175525584	0.054197372	0.019192108	-0.007160606	0.023231811	0.015255592	0.026776587	0.033175718	-0.003953817	-0.041637257	3.65E-05	-0.050488717	-0.024563919	-0.000740131	-0.033232973	0.016142048	-0.018661058	-3.58E-05	-0.004577184	-0.030142444	0.022860161	0.013166721	-0.0241077	0.011296883	0.012199398	-0.006261602	0.019472204	0.018894068	0.002049068	-0.002227736	0.001634274	0.007081703	0.001468469	0	0	0	0	0	0
45DN.AE	DN_AE	0.121399424	-0.020357799	0.053142509	-0.005947913	-0.037393301	-0.012662835	0.029140562	-0.044058733	-0.004500855	0.014347826	-0.017811536	-0.054366696	0.022972596	0.032428649	0.024752674	0.00043173	-0.002603667	0.009275727	-0.001907908	-0.005029913	-0.013221638	0.016492272	0.005908651	-0.006137342	0.02050476	-0.003312677	0.003341745	0.008160553	0.002622927	-0.019302111	-0.002628815	-0.007429352	-0.00316198	0	0	0	0	0	0
46DAG.AN	DAG_AN	-0.191977827	0.096890111	0.039734417	0.022037579	0.070771302	0.052539493	0.045750396	-0.039167978	-0.018128023	-0.001707682	0.029262866	-0.001253732	0.006086892	-0.012982928	-0.025687039	-0.03067376	0.027946432	0.031925128	0.018488797	0.028002181	0.032698346	-0.011537333	0.022764363	0.01073342	0.006453023	0.00513669	0.008044324	-0.009864971	-0.013429431	0.002006657	-0.006282541	-0.001692515	-0.00058225	0	0	0	0	0	0
48DN.AN	DN_AN	0.148015609	-0.017907854	0.034186108	-0.013672541	-0.001673411	-0.003541884	0.014751726	0.001679209	0.008032642	-0.011870261	0.012469341	-0.012936015	0.016024926	-0.037138273	0.005317526	-0.012802322	0.020054664	0.028139252	-0.021548851	-0.005396562	-0.0298306	-2.21E-02	-0.003125167	-0.007475782	-0.007609247	-0.017977498	-0.020349104	0.009191324	-0.004257732	0.012226528	-0.011199351	-0.008706407	0.003200375	0	0	0	0	0	0
48SM.DN	DN	0.114949141	-0.011919089	0.007628069	0.003138676	0.052561549	-0.023501542	-0.022708014	0.010313304	-0.020356312	-0.000129836	0.011880477	0.010704355	-0.040521245	0.016921372	-0.01839092	0.024300034	-0.02996602	-1.74E-05	0.008973334	-0.01040623	-0.029829656	-0.011021707	0.013135858	0.010774945	0.005162147	0.044902174	-0.010727511	0.003799188	0.014372368	-0.003794887	-0.008375905	-0.002034737	0.000926886	0	0	0	0	0	0
49DAG.AN	DAG_AN	-0.168091357	0.115678336	0.048302882	0.033832971	0.022546982	0.042090088	-0.031861463	0.006525581	0.011736282	-0.00062821	-0.013067064	0.025007076	0.069643799	0.011103087	-0.010646453	0.016564987	-0.02836614	-0.016793589	0.006403725	-0.012858009	0.003146287	0.00944833	0.029813804	0.004493555	-0.016058958	0.001931824	0.000194486	0.008317196	0.017467582	0.006922755	0.009495574	-6.33E-03	0.000657037	0	0	0	0	0	0
50DN.AN	DN_AN	0.177584854	0.021295954	-0.023403767	-0.076232625	-0.00019855	0.031897049	-0.004293957	-0.014175831	-0.012382801	-0.000426942	0.007087322	-0.019179265	0.041977215	-0.028769334	-0.019045513	0.01929137	-0.024607805	0.021637706	-0.029669469	0.036784183	0.007143924	0.002313905	-0.031226227	0.00026049	-0.006172342	0.021770268	-0.012808069	0.002726905	-0.01431919	-0.004815738	0.00479771	0.005596067	-8.80E-05	0	0	0	0	0	0
50i	Inicial	0.161643825	0.040744803	-0.040424378	0.064676417	0.002831943	0.023068983	0.007156246	0.005265492	0.071062576	-0.022612582	-0.035957697	-0.000758376	-0.031718922	0.045087728	-0.022484816	-0.021218265	0.029576566	0.006618487	-0.041480193	-0.010120144	-0.001648449	-0.004502303	0.015439481	0.011173649	-0.018453162	0.005001872	-0.000170273	-0.018698839	0.000915464	-0.00012012	-0.007759185	0.000252968	-0.0012095	0	0	0	0	0	0
50SM.DN	DN	0.134408832	-0.021110581	0.00988433	-0.010875009	0.039203224	0.003083324	0.024103491	0.010852634	-0.017286291	-0.002621862	0.017669475	-0.006690718	-0.03308632	-0.023555706	-0.013733843	0.041106304	-0.006300913	-0.011716416	0.017232935	-0.004882573	0.004222392	-0.014295161	-0.008741103	0.027801695	-0.015971707	-0.017193577	0.005640885	-0.005089608	-0.017802313	-0.01530348	0.004377684	-0.012819578	-0.000274466	0	0	0	0	0	0
51DN.AN	DN_AN	0.14657412	-0.005902244	0.042248973	-0.027827897	-0.009516173	0.001040471	0.001349954	0.030717285	0.001571312	0.00775638	-0.028342984	0.013301477	0.00649076	-0.032379983	-0.02250895	-0.007739479	-0.025587602	0.007529189	-0.03977927	0.004848991	-0.010851893	-0.011310639	0.040337931	-0.026739622	-0.006582455	-0.014183898	0.018142817	-0.007906679	-0.002576957	-0.010996279	0.015379346	0.005316142	0.000191467	0	0	0	0	0	0
51SM.DN	DN	0.12566484	0.001933114	0.009394915	0.007093993	0.024168709	0.009726268	-0.006410035	-0.014609604	0.007162805	0.029269569	0.014338555	-0.013524201	-0.022622294	-0.005275352	-0.020917574	0.044786396	0.00497665	0.008838971	0.036847715	0.000133794	0.005896409	0.012369116	0.012920496	-0.010873047	-0.026870424	-0.029252459	-0.029262868	0.00027484	0.015333868	-0.003608013	-0.008824501	0.011512318	-9.92E-04	0	0	0	0	0	0
54DAG.AN	DAG_AN	-0.150551916	0.036729374	0.020765591	0.002097844	-0.014950634	-0.11389336	-0.02949288	0.042233543	-0.061262709	0.008465585	-0.012971791	-0.037674309	0.017675039	-0.014111573	-0.017799418	-0.028774875	-0.007892307	0.041534966	0.025467586	-0.010084901	-0.002086536	-0.012962941	0.001697221	-0.009825497	0.006330326	0.004200073	-0.007141477	-0.022702554	0.003242152	0.004002012	-0.000352664	0.000875176	-9.26E-04	0	0	0	0	0	0
59DAG.AN	DAG_AN	-0.188485374	0.115711705	0.030008292	-0.016364314	0.015266107	-0.044791607	0.047266363	0.050657183	-0.056324907	0.03834924	-0.034042843	0.020713523	-0.031610957	0.022863578	0.017108413	-0.028411967	0.012722164	-0.020214255	-0.030367248	-0.002240372	-0.011944339	-0.0049952	-0.012795543	0.007260434	-0.015129381	-0.007099308	-0.011804455	0.024848776	-0.00304398	-0.005713546	-0.001609282	0.001413352	-0.000450222	0	0	0	0	0	0
59DAG.SM	DAG	-0.137935538	0.142687168	-0.005771925	0.004550444	-0.028087891	-0.030887612	0.014560668	-0.026910948	0.102044173	-0.012374801	-0.001813952	0.030870186	-0.01421664	-0.027550801	0.048781868	0.007045113	-0.010317266	-0.007830008	0.017707791	0.008687003	-0.006708874	-0.009992717	-0.000299379	-0.009316538	0.025383788	0.00171943	-0.015024583	-0.000398977	-0.010253966	-0.012808268	-0.003066531	0.004081528	0.000973183	0	0	0	0	0	0
59i	Inicial	0.17750901	0.039810503	-0.128942362	0.02238096	0.054837598	0.056265348	0.017934942	0.003591309	-0.05290559	-0.05398644	0.002066767	-0.001554114	0.011697935	0.021468401	0.023430114	-0.020076978	-0.006974829	0.002630265	0.001617434	-0.006281942	-0.015162976	-0.014379816	-0.015024992	-0.007264713	0.004913561	0.003271476	0.001035345	-0.012855416	0.009928729	-0.007348338	-0.000486436	0.004280417	0.00022803	0	0	0	0	0	0
7DAG.AE	DAG_AE	-0.141243479	-0.038657277	-0.013825326	0.005324103	-0.077000342	-0.007090931	-0.023421786	0.000632039	-0.015871518	-0.092911717	0.018357606	0.003716839	-0.032036049	-0.002321218	0.059101013	-0.001703682	0.003752681	0.044447101	0.013663053	0.016252804	-0.002440122	0.011600847	0.014414001	0.007091249	-0.034277309	0.00387375	0.014554745	0.013830929	0.003296306	-0.00263102	0.004607639	0.000429787	0.000106376	0	0	0	0	0	0
7DAG.SM	DAG	-0.093909893	0.051779886	-0.178104595	-0.122714082	-0.033937632	0.001098551	0.007185916	-0.01237348	-0.027716882	0.017728225	0.042857482	0.027123422	0.033730562	0.012479606	0.003287958	0.004775583	0.007943119	-0.010828161	-9.50E-05	-0.024950681	6.35E-05	0.00553737	0.009436856	-0.004155735	-0.00107853	-0.014268525	0.000971474	-0.001464665	-0.000106967	0.004121366	-0.003077814	-0.003236578	-0.000720184	0	0	0	0	0	0
8DN.AE	DN_AE	0.104508949	-0.071180793	0.048379617	-0.031457021	-0.010410104	-0.017768517	0.003467415	-0.020739817	-0.005463735	0.023310163	0.068521205	0.008953052	0.023588114	0.05622943	-0.007676868	-0.03681659	0.008102695	-0.008870051	0.001113834	-0.001043383	0.01591149	0.019356034	0.025617405	0.000588825	-0.005107243	0.015148714	-0.009770765	0.015596802	-0.015242222	-0.007928629	-0.00067543	0.003908237	0.00169911	0	0	0	0	0	0
8SM.DN	DN	0.152143758	0.028529923	-0.109249646	-0.039685018	-0.024603903	0.009923668	-0.046698845	-0.001237941	0.029337097	0.062650818	-0.070012852	-0.059611964	-0.029982555	-0.003849931	-0.004057664	-0.018175093	0.000527029	0.008255274	2.26E-02	0.024143304	1.24E-02	0.0011305	0.018545603	0.015983192	0.009235039	0.002212781	0.006009885	0.016966901	0.004997566	0.005075639	0.005194906	-0.003626068	0.001404483	0	0	0	0	0	0