Eigvals	12
0.05859348453082353	0.02632762896561591	0.025780502077246956	0.01796209784201864	0.01688190307412384	0.013368095750683736	0.01095463138231315	0.007525792292854312	0.007064914436660216	0.005803216189329143	0.003671361516729571	0.0

Proportion explained	12
0.3021316370834838	0.13575587292002758	0.1329346660264805	0.09261982061517322	0.08704990074769402	0.06893129306413129	0.05648649742691554	0.03880602022557986	0.03642954812629384	0.0299237231182084	0.018931020646012042	0.0

Species	0	0

Site	12	12
13DAG.SM	0.08168205445988254	0.020598572531763833	-0.028334512737099405	-0.017313095894293893	0.0005060080125518685	-0.03610791481362464	-0.026304276718127424	-0.024310216442915953	-0.025724401090225276	-0.026334758226064785	0.03242909537240695	-0.0
26DAG.AN	-0.04245600698911571	0.026316737210529375	-0.01300344115569536	0.021938738064004256	-0.021716905716702123	-0.0017381597590285574	-0.002949474447631217	0.009214765935274621	0.02660940188164367	0.047378213300089324	0.03313098935935342	-0.0
39DAG.SM	0.04236976778482089	-0.12922503537991328	0.042394338659474194	0.0033477512858971076	-0.027293586470698437	0.01451705454509808	0.013923706055706725	0.008219334651875132	-0.021796090559328428	0.008326272267098122	0.00758091759736784	-0.0
49DAG.AN	-0.10828372286400936	0.039272549364475086	0.05837881354490087	-0.03014899518843135	0.03304954301060215	0.03820049086221124	0.03993019797236183	-0.018295889993390158	-0.02214390022965419	-0.008117075973618744	0.010585547714806999	-0.0
59DAG.SM	-0.04248686506625726	0.0014629539481837302	-0.05399831293512468	-0.025829477316222805	-0.0711947160608605	0.020824976683866347	-0.012078618327486586	-0.04300368901433262	-0.0026388869993275894	0.007248127736140994	-0.02216043437431206	-0.0
46DAG.AN	-0.0736238657585273	0.017639764409222405	0.03793570143252471	-0.026186292982654225	-0.010585813095529162	-0.017949939651662108	-0.060790044440361714	0.044605085868562974	-0.018398164299260673	-0.0018507231890021892	-0.011715681623669323	-0.0
7DAG.SM	0.07797989810141881	-0.002569427558502204	-0.05857436725008542	-0.07180191985557889	0.03571585505588909	0.04209583969767102	0.00836583579489672	0.02883985950311214	0.021534493639769062	-0.0007120525100562956	-0.002553585219476169	-0.0
26DAG.SM	0.06461809344409108	0.051304551595758134	0.02362791573007692	-0.0006019906997213938	-0.044269314160131155	-0.04865004312902086	0.05943635566861361	0.020277296168557408	0.00024409302124865574	-0.0028641002492289804	-0.013827051416302302	-0.0
27DAG.SM	0.11757294494872515	0.03541196948172912	0.05886801775574559	0.03824924685149784	0.03587308644148152	0.023290871666113676	-0.027398028095823708	-0.023014416522368138	0.00024059051772932396	0.021462829669013597	-0.017366370797111213	-0.0
3DAG.AN	-0.03479528758620157	-0.031097859852808486	0.042130435389080706	0.008428166260981477	0.0009017305498523115	-0.013922457070749126	-0.00978224707776022	-0.013418961813588016	0.06105319339395894	-0.0350443175464767	0.0003099158048671067	-0.0
54DAG.AN	-0.02294604699294607	0.01163740327445414	-0.05869630231138561	0.09012288534874066	-0.0007598125248998083	0.037410484277116796	0.005685529554501143	0.02271718292430338	-0.012016084929639403	-0.026325213943083382	-0.0014950127311301657	-0.0
59DAG.AN	-0.05963096348188118	-0.04075217902489198	-0.05072828612241226	0.009794984125781194	0.06977392495844399	-0.057971203307991506	0.011961064061111068	-0.011830351265091068	-0.006964244346913936	0.016832798665189712	-0.014918329686801462	-0.0

Biplot	0	0

Site constraints	0	0
