Eigvals	12
0.131120036669988	0.044110508370625766	0.036045851775280954	0.018216222713103476	0.012999011735207552	0.008761547836152305	0.006305976157240488	0.003544349517701055	0.00040208501950726386	0.0	0.0	0.0

Proportion explained	12
0.5014043362242188	0.16867902672840582	0.13783969896614717	0.06965901848368528	0.04970835134119833	0.033504246861518885	0.024114116115791395	0.013553628128875431	0.0015375771501586794	0.0	0.0	0.0

Species	0	0

Site	12	12
13DAG.SM	-0.06344699469204364	0.05156202155580833	0.020352871166030937	-0.07212251690144603	0.003530277484845741	-0.005275749041930117	0.03295059111645621	0.005516546868218884	0.0044728407147153265	0.0	0.0	0.0
26DAG.AN	0.056437588582816806	-0.040820254130648465	0.05235694494029513	0.008727125081613323	-0.0689487159288553	-0.027425477221165256	0.011721621675451325	-0.029454664019424925	-0.0007017919080038677	0.0	0.0	0.0
39DAG.SM	-0.0680032927777022	0.10467527638692818	0.06694803649419437	0.011449553733601967	-0.01346110917126658	-0.026260323282547567	-0.01661717992798872	0.017768179221014778	-0.008973554865127534	0.0	0.0	0.0
49DAG.AN	0.12230379184763651	-0.05217787450102245	0.10229456895938549	-0.018221048715474444	0.02074931573384878	0.0334157793193302	0.0031239281771183684	0.002236091908546333	0.003939726105562386	0.0	0.0	0.0
59DAG.SM	0.05639232120505272	-0.10082429461459624	-0.08324649633687882	-0.016755813377945756	-0.011297396581588428	-0.025732846330627883	-0.009820388624453315	0.011064902300100491	-0.004933874494133864	0.0	0.0	0.0
46DAG.AN	0.180005605698965	0.009734202170753579	0.007415540854700876	-0.011084115709885942	0.045149909538660826	-0.0049825348862188625	-0.02755613546619253	0.001542872766956817	-0.003932825395904479	0.0	0.0	0.0
7DAG.SM	-0.07224551478514978	0.008593645462261407	-0.049051003264422806	-0.024141327016259023	-0.004259458580633879	0.05698783679233068	0.011764731361802295	-0.016093216785729524	-0.0106591912082189	0.0	0.0	0.0
26DAG.SM	-0.12023044239316562	-0.044635992834424	-0.022462614667709237	-0.042484914208177994	-0.017622268234688494	-0.004119573094366545	-0.01889729719854852	0.020714909522252748	0.006461171166982484	0.0	0.0	0.0
27DAG.SM	-0.14256738577769087	-0.02239122971735275	-0.003926978545080205	0.021281322292844178	0.06822603679291211	-0.033192285983707416	0.0045640645718293855	-0.026875439256590982	0.0015448843907810471	0.0	0.0	0.0
3DAG.AN	-0.035840804095621064	-0.045628465944243767	0.00904734884323497	0.08554604303955068	0.0036855256791769515	0.01284046041067404	0.03322194274899656	0.025911941079693086	-0.0004029306581201722	0.0	0.0	0.0
54DAG.AN	-0.06516420660574196	0.030631038902732777	-0.01127349856314585	0.03990620882865411	-0.020816275749877624	0.03024677072305318	-0.04402477987140208	-0.010800795431891436	0.007258512186907803	0.0	0.0	0.0
59DAG.AN	0.152359333792644	0.10128192726380315	-0.08845471988060473	0.017899482952924768	-0.004935840982533838	-0.006502057404824531	0.019568901436930904	-0.0015313281731454962	0.00592703396455859	0.0	0.0	0.0

Biplot	0	0

Site constraints	0	0
