Eigvals	12
0.046382488143288825	0.033267290630956285	0.029645764057883457	0.021636312700264955	0.020317984664694963	0.013765470096927118	0.01254280391406068	0.010666356623992753	0.009531375036451828	0.005112125650957723	0.0032050357063836093	0.0

Proportion explained	12
0.22507794090883637	0.16143448906189994	0.14386049127429293	0.10499343408208191	0.0985960506822994	0.06679899654125855	0.060865826548129075	0.05176008623148837	0.04625241881390683	0.024807352111645944	0.015552913744160552	0.0

Species	0	0

Site	12	12
13DAG.SM	-0.07833626280859976	-0.010978526287656897	-0.004424859067444065	0.0010105196292030502	0.028409731841573815	0.010195812824980785	0.01333466264992076	0.03135054381282922	0.017333487577919512	-0.04900106302323273	-0.02003368077189288	0.0
20DAG.AE	0.08116067957744995	-0.053096924395278834	0.0049774992842754285	-0.04194359825180449	-0.016321096047397732	0.011131707665426496	0.020635283881265332	-0.06095262651018537	-0.027860538743311812	-0.024294874480442253	-0.0045600419212704765	0.0
34DAG.AE	-0.005723680203620644	0.04367182804951953	-0.0202253794369651	0.01572536365392799	0.0826192885668428	-0.04074339936447383	0.056984495876004175	-0.023044822042606602	0.008790983276628238	0.011663617795452826	0.010354582625970417	0.0
39DAG.AE	0.041572465696119734	-0.010201830282493657	0.0021193615077599853	0.04307632189307266	-0.018265750918052753	-0.08539719363268124	-0.046610000867869116	0.0012182140350712966	-0.0040664556762367386	-0.0033898762753041484	-0.014635743520936927	0.0
39DAG.SM	0.05334762150604927	0.011871507617424986	0.041469137848060014	-0.010862978694585822	-0.0757180446267549	-0.005690517683471815	0.05543648706463321	0.030964743616269153	0.036656202618445974	0.011201739349238286	-0.002916631085786838	0.0
59DAG.SM	-0.04110180419373549	0.09301314680054386	-0.03207085592773356	-0.08670759322765115	-0.01060937638644864	-0.00015135897481892755	-0.018347983939230567	0.002347464614512646	-0.02249324247271697	0.01705521832228406	-0.01746124800567155	0.0
7DAG.AE	-0.0032850092495936675	0.06564181417633691	0.006086298277316922	0.06070158810349849	-0.012820774933654388	0.04885374661989628	-0.03032403397019666	-0.045638423835210676	0.03883360555404534	0.002049726515573079	-0.0044795720345522155	0.0
7DAG.SM	-0.09362494908843659	0.006491155813563511	-0.023560144263641968	0.04992624567921285	-0.05837255268558369	0.0016567866176285893	0.016405342759541055	0.002333892957484272	-0.048825623732291365	-0.003819629228503305	0.02190030076346669	0.0
27DAG.AE	0.06933386580764478	0.04493521419797362	0.08045255770241062	-0.013276086485931241	0.035650165414121644	0.014948852950094129	-0.030149603220502637	0.032254799454278234	-0.017206240064155543	-0.013649434883876693	0.025915546013519072	0.0
26DAG.SM	-0.05528088231512342	-0.07214897851938488	-0.03129487914711415	-0.05478640440607461	-0.005775136900636028	-0.012248440549097496	-0.031476592466224196	-0.007717981775982109	0.04434528944448512	0.004803374138247174	0.026225597776499396	0.0
27DAG.SM	-0.055490468720417976	-0.08014225045710893	0.08341628791135534	0.011775786489728575	0.0307112108114427	0.020365637799854137	-0.0015643886572845771	0.0010793578438607603	-0.01671667012051781	0.03384516407669124	-0.01658696721697708	0.0
10DAG.AE	0.08742842399226383	-0.03905615671343937	-0.10694502468827945	0.025360835617403675	0.020492335864547313	0.037078365726663225	-0.0043236691100569085	0.03580483782967924	-0.008790797662294094	0.013536037693872262	-0.0037221426223671846	0.0

Biplot	0	0

Site constraints	0	0
