Eigvals	12
0.10049106698007468	0.040692227105252284	0.03827772758985979	0.024812504659299926	0.018714024456388548	0.015171957288865633	0.010985690155249134	0.0063178745938294485	0.003155921714634133	0.00045109461517857526	9.106734337851409e-05	0.0

Proportion explained	12
0.38775512633312026	0.15701514707871195	0.14769855215383262	0.09574160338764898	0.07220998975686915	0.058542558976225	0.042389416313489504	0.02437816947224664	0.012177448801474419	0.0017405950076282964	0.0003513927187533892	0.0

Species	0	0

Site	12	12
13DAG.SM	-0.06497363904813391	-0.003399067819803521	0.019402974097047495	-0.015265141248684482	0.07185978510431652	-0.03336969287630464	0.02887204639213825	-0.01364162742848802	0.004766990981577074	-0.012346189618056938	-0.0022456289529462774	-0.0
20DAG.AE	-0.03997519364605417	-0.049482014339930686	0.00123314925883159	-0.020915465547052384	-0.05210387641338873	-0.00323726596941547	-0.030992252834956487	0.03353148599307212	-0.01993353774949143	-0.010689558304585933	0.0017217354087868018	-0.0
34DAG.AE	0.014908950545209684	0.12052889611797711	-0.06318688138328182	0.025957037601739598	-0.05437411356924854	-0.01066483082330372	0.024753297401701253	-0.006651870504804297	-0.014009386790141186	-0.0009290652777199464	-0.0034884535781350983	-0.0
39DAG.AE	0.09142692404761124	0.09495214274191632	0.10261800018633013	-0.058407923749707234	0.005096154185978013	0.030961932490514685	-0.02693931842739136	0.008985872537553155	0.013029615480587646	-0.00015032810217733888	-0.000433836441671865	-0.0
39DAG.SM	-0.09924667495938296	0.026243017526365982	0.05760418766381458	0.03181580698936867	-0.006000556337636004	-0.06573448073374799	0.01981221752306825	0.02512612514504433	0.007712759096641983	0.007713510815929593	0.003034428321671722	-0.0
59DAG.SM	0.09687112701612076	0.02748833451914375	-0.12368726444207537	0.009847057232231166	0.05118789739882871	-0.007240084002332554	-0.025578550701533725	0.016054410888444958	0.01201859044699014	-7.2885830372561506e-06	0.003187201039985361	-0.0
7DAG.AE	0.07091807407951194	-0.05551966749635938	0.01803448144858041	0.059280391565409256	-0.0017656998450953979	0.06209681122710681	0.052723559488275576	0.02561963845762197	0.008826173184753856	-0.0006295687308465921	-0.0005985054569637814	-0.0
7DAG.SM	0.008657893902097594	0.0013781510148860507	0.01098220646184331	-0.03297560623829377	0.027311221443303963	0.02616348660663201	0.02527823152216283	-0.027354836983601135	-0.0337763278010668	0.004348781698239393	0.004309146662210256	-0.0
27DAG.AE	0.17243656559900725	-0.0660418537341566	0.039682159092704165	0.04530339429336567	-0.023150060647371892	-0.0448038030224661	-0.022788133749380476	-0.03346203357313539	0.00018329292852148772	0.00025663620162754677	-0.0006137512700999868	-0.0
26DAG.SM	-0.014901617332026598	-0.06526496767884514	-0.02635500913317774	-0.05482574042576482	0.022406666874582523	-0.008739873977743586	-0.01058114346718506	0.018494459840766444	-0.009405443537921757	0.010067681938738976	-0.005411548844407864	-0.0
27DAG.SM	-0.0737964103892391	-0.03849057230185202	-0.04447882843026208	-0.06286228010603086	-0.0562257135197613	0.011647569038343152	0.015576674170495778	-0.027618944418903266	0.029273199500013496	0.0006899331990138012	0.0014103765561567076	-0.0
10DAG.AE	-0.1623259998147216	0.007607601450658347	0.00815082517964514	0.07304846963341922	0.015758295325492038	0.04292023204271742	-0.05013662731739472	-0.019082679953570582	0.0013140742595354649	0.0016754547628753107	-0.0008711634445893445	-0.0

Biplot	0	0

Site constraints	0	0
