Eigvals	12
0.272955753603	0.0920405280858	0.0518642118704	0.0415618947572	0.0292647676861	0.0234925146191	0.0196281802007	0.00900313118931	0.00763164258023	0.00505847122519	0.00349091149611	0.0

Proportion explained	12
0.490934671745	0.165542897875	0.0932822975657	0.0747526838705	0.0526352309048	0.0422533315408	0.0353029898676	0.0161929147737	0.0137261731821	0.00909810061773	0.0062787080573	0.0

Species	0	0

Site	12	12
13DAG.SM	-0.14729836107	-0.0413080882391	-0.0649248119729	0.104778212296	-0.0240807363991	0.0605134183609	-0.0717917505628	-0.00964502051491	0.00921596128685	0.00698000771471	0.00366618573737	-0.0
39DAG.SM	-0.151849110342	-0.0122521428959	-0.0457287845104	-0.0625260444094	0.133908332116	0.0333692173749	0.0169691743902	0.00267158525602	0.00223432053555	0.00937552706674	0.00298490042701	-0.0
59DAG.SM	-0.145377396928	-0.142075249184	0.13839482048	-0.0665524045934	-0.0440033037894	0.0137412153318	-0.00971967984964	0.00318175584422	-0.0102104210218	0.0157099670919	0.00226927433114	-0.0
7DAG.SM	-0.136383886902	0.0743603280996	0.0905934704195	0.0703860288069	0.046729325542	-0.0890802288055	-0.0264743961251	0.00245777170911	0.00756331894177	-0.0166387650167	-5.69459746799e-05	-0.0
2SM.DN	0.169053903791	0.0937021948164	-0.00643554019469	0.0131810159057	-0.00639409330823	-0.0301539191044	-0.00258661024021	0.00467473481264	-0.01012306	0.05603995318	0.0109678228762	-0.0
26DAG.SM	-0.144690544619	-0.0742852084184	-0.0711408670403	0.055390010708	-0.041933280895	-0.0346977978235	0.0970235670417	0.0115549906656	-0.0029224813667	-0.000268548897544	0.00245033349223	-0.0
27DAG.SM	-0.175500737143	0.1843573806	-0.0402147327226	-0.0909459977876	-0.0670998215569	0.00824067938021	-0.00699931925092	-0.00374053306333	0.000836278902407	-0.0101215057265	-0.00900574933096	-0.0
48SM.DN	0.129148752193	-0.0469187850354	-0.0480075477952	-0.0115718754262	0.00762426117762	-0.0182100514699	-0.0309421019655	0.00810848671597	-0.068976003834	-0.0199582379921	-0.00580094250351	-0.0
8SM.DN	0.141925595104	0.0920095475607	0.0907670130805	0.0567479586623	0.00737695016461	0.0877948094088	0.0485265887932	0.00776939168828	-0.00818171571235	-0.0155640762524	0.00209926298479	-0.0
51SM.DN	0.142673079154	-0.0462496604367	-0.000813579304784	0.000298109806166	0.00660611391132	-0.00910657975348	0.00903981088347	-0.044360282221	0.0202457867992	0.00465418180531	-0.0431388943642	-0.0
33SM.DN	0.171712026868	-0.0465395246606	-0.0251930329083	-0.0307246195865	-0.00906098059593	-0.00682715674454	-0.0229692185584	0.0655554767093	0.0405245853855	-0.0108208342914	-0.00313857963437	-0.0
50SM.DN	0.146586679893	-0.0348007922065	-0.0172964075308	-0.0384603943816	-0.00967276636681	-0.0155836061553	-7.60645559695e-05	-0.0482283576019	0.0197934300835	-0.019387668682	0.0367033319589	-0.0

Biplot	0	0

Site constraints	0	0
