Eigvals	12
0.227685462463	0.0740116538876	0.0531947249563	0.0224093843472	0.0174562110922	0.0113153045488	0.00866008854958	0.00678675806967	0.00376101294556	0.0	0.0	0.0

Proportion explained	12
0.535377024023	0.17403016676	0.125081475263	0.0526931731705	0.0410463375403	0.0266066792745	0.0203632343729	0.0159583062476	0.00884360334788	0.0	0.0	0.0

Species	0	0

Site	12	12
13DAG.SM	-0.108069170341	0.0581004029328	0.00595761054062	-0.00789498620822	0.0392150107341	0.0153990728717	0.00730910608232	0.0561172706375	0.013722427035	-0.0	0.0	0.0
39DAG.SM	-0.113301870195	0.112355312886	-0.0206825973172	-0.00307683065557	0.0774286381107	-0.0278744644808	-0.029022070712	-0.0292609178285	-0.0103886214489	-0.0	0.0	0.0
59DAG.SM	-0.0536151268364	-0.097066423674	0.141982706707	-0.05281547703	0.00868177543399	-0.00103164792935	0.00213445556871	-0.013641302541	0.0057417305152	-0.0	0.0	0.0
7DAG.SM	-0.115975970051	0.00529786211391	0.0166438654097	-0.000401750719031	-0.011720112254	0.0666203466234	0.0177407481551	-0.00456830426587	-0.0368377638126	-0.0	0.0	0.0
2SM.DN	0.14111782219	0.114295324577	-0.069927686525	-0.0105539445203	-0.0458519748868	0.0326768472759	-0.0129668838212	-0.0112211703484	0.00956030875612	-0.0	0.0	0.0
26DAG.SM	-0.14738460836	-0.024225670995	0.00889660637223	0.0323641543424	-0.0247874624239	0.0159138027815	-0.0257798908234	0.0053616540662	0.0327972238705	-0.0	0.0	0.0
27DAG.SM	-0.167062280463	0.0475213113801	0.0230300273017	0.0170387069636	-0.0775044976449	-0.0537316564915	0.0081621425345	-0.00731274335114	-0.00800024111208	-0.0	0.0	0.0
48SM.DN	0.0323291660647	-0.0131931624419	-0.0700816051286	-0.00932390031314	0.0118468018345	-0.031333885399	0.0636482507843	0.0126481860712	-0.00046032593244	-0.0	0.0	0.0
8SM.DN	0.252686910268	0.0226266322162	0.0971775726433	0.0975409128755	0.0161266555364	-0.00391315164707	0.00659039095543	0.000857939424521	-0.00278897432166	-0.0	0.0	0.0
51SM.DN	0.0528377078308	-0.139683215154	-0.0746119825931	0.0132987493262	-0.00443741529246	-0.0182246336621	-0.0450160539439	0.0263137327873	-0.0227082500163	-0.0	0.0	0.0
33SM.DN	0.222702275001	0.0231518097288	0.021649189695	-0.0901427097965	-0.0104056568051	-0.0096871983804	-0.0105216177576	0.0034519432341	0.00153793059104	-0.0	0.0	0.0
50SM.DN	0.00373514489223	-0.10918018357	-0.0800337071058	0.013967075735	0.0214082376574	0.0151865684377	0.0177214229777	-0.038746287886	0.0178245558762	-0.0	0.0	0.0

Biplot	0	0

Site constraints	0	0
