SampleID	Grupo_Experimental	Dieta	Ambiente	Tiempo	Description	S24-7	Ruminococcaceae	Lachnospiraceae	Rikenellaceae	Bacteroidaceae	Lactobacillaceae	Verrucomicrobiaceae	Odoribacteraceae	F16	Deferribacteraceae	Prevotellaceae	Desulfovibrionaceae	Clostridiaceae	Others
2DN.AE	DN_AE	Normal	Enriquecido	24	DN_24S_AE	0.228298376	0.11199453	0.10216738	0.075325584	0.020799211	0.002512443	0.010161083	0.045907739	0.043602016	0.004229809	0.038481721	0.010097476	0.002305723	0.053747197
2SM.DN	DN	Normal	Normal	12	DN_12S	0.20177128	0.077212065	0.123447079	0.04080996	0.007920577	0.023463354	0.10258775	0.020181197	0.015040959	0.027803396	0.027301579	0.012477622	0.000311941	0.053368958
2i	Inicial	Normal	Normal	0	Inicial	0.219858916	0.072810072	0.086114832	0.049915171	0.030359854	0.026091615	0.219430306	0.027573891	0.006214841	0.000642915	0.024127154	0.002321636	0.001196535	0.049111528
3DAG.AN	DAG_AN	DAG	Normal	24	DAG_24S_AN	0.112994153	0.110149228	0.044489048	0.064595514	0.100724321	0.060738284	0	0.041504494	0.030421503	0.078889955	0.000645781	0.035744829	0.026843529	0.044663583
7DAG.AE	DAG_AE	DAG	Enriquecido	24	DAG_24S_AE	0.121849556	0.110846182	0.053180028	0.077005952	0.180045568	0.017449973	8.83096E-05	0.024037867	0.078825129	0.007859552	0.00091842	0.01880994	1.76619E-05	0.06075699
7DAG.SM	DAG	DAG	Normal	12	DAG_12S	0.142399044	0.157882327	0.058254869	0.05520537	0.105899367	0.023672918	3.14381E-05	0.026958203	0.028498672	0.019554522	0.000613044	0.023877266	0.000298662	0.035226433
8DN.AE	DN_AE	Normal	Enriquecido	24	DN_24S_AE	0.141799062	0.118163172	0.167779008	0.049876286	0.010743586	0.00177432	3.25563E-05	0.027672874	0.035193385	0.090620524	0.015431697	0.018426878	0.0014162	0.039946608
8SM.DN	DN	Normal	Normal	12	DN_12S	0.290148373	0.066113632	0.068173594	0.056648944	0.010021435	0.097736826	0.197533614	0.007209866	0.00197645	0.001920775	0.018762353	0.002477521	0.000751608	0.071820282
10DAG.AE	DAG_AE	DAG	Enriquecido	24	DAG_24S_AE	0.112660136	0.187967847	0.052549611	0.054232605	0.10035167	0.004722432	0	0.027028385	0.0382316	0.14189902	0.000502386	0.039311731	0.000527506	0.033232856
13DAG.SM	DAG	DAG	Normal	12	DAG_12S	0.126170817	0.224574954	0.068273627	0.049684823	0.087517202	0.022439739	4.43912E-05	0.026079815	0.027555822	0.010909131	0.00055489	0.034791583	0.000366227	0.045512052
13i	Inicial	Normal	Normal	0	Inicial	0.254460947	0.082986074	0.144602344	0.046693023	0.026338284	0.020764327	0.179951562	0.005698615	0.01255476	0.001745201	0.019286249	0.008939702	0.000409588	0.045286177
20DAG.AE	DAG_AE	DAG	Enriquecido	24	DAG_24S_AE	0.089862558	0.185108991	0.086783974	0.05264233	0.141571099	0.004012373	0	0.034841985	0.013481572	0.027867752	0.000744113	0.046791561	0.000248038	0.037176457
21DN.AE	DN_AE	Normal	Enriquecido	24	DN_24S_AE	0.184031638	0.079276849	0.067522006	0.068888848	0.094220991	0.031309799	0.046746004	0.037724846	0.011317454	0.006633741	0.04900585	0.006014106	0.000164021	0.07320807
26DAG.AN	DAG_AN	DAG	Normal	24	DAG_24S_AN	0.155876031	0.124956431	0.041928082	0.081169397	0.053285117	0.095808644	0	0.055710468	0.063654583	0.007479377	0.000580923	0.007392239	0.059123388	0.069928547
26DAG.SM	DAG	DAG	Normal	12	DAG_12S	0.143672125	0.154485459	0.071492473	0.04561308	0.120684067	0.01868347	2.59313E-05	0.033075317	0.009257458	0.01992817	0.000635316	0.046598467	0.006430952	0.045561217
27DAG.AE	DAG_AE	DAG	Enriquecido	24	DAG_24S_AE	0.139556936	0.062404164	0.04416512	0.116616899	0.163203131	0.024231297	2.01759E-05	0.043943185	0.031534985	0.001210556	0.00074651	0.003974659	0.000121056	0.101283189
27DAG.SM	DAG	DAG	Normal	12	DAG_12S	0.073112364	0.172771289	0.06513806	0.029535932	0.13151639	0.025393746	3.18018E-05	0.026443206	0.014135905	0.062967586	0.000771194	0.028009445	0.000405473	0.0517972
31i	Inicial	Normal	Normal	0	Inicial	0.225305997	0.084624344	0.090689344	0.039971872	0.004900345	0.006284747	0.212275035	0.005010218	0.030412904	0.006372646	0.067747819	0.009580944	0.001274529	0.04961874
33DN.AE	DN_AE	Normal	Enriquecido	24	DN_24S_AE	0.202921581	0.054162199	0.095975647	0.049663042	0.009687548	0.005303262	0.190745137	0.033159749	0.020734416	0.011027722	0.055751264	0.005130954	0.003178128	0.052285955
33SM.DN	DN	Normal	Normal	12	DN_12S	0.256273538	0.048225966	0.084360753	0.028483647	0.004083251	0.146263627	0.105510406	0.016709613	0.020673935	0.001070367	0.023072349	0.002794846	0.020555005	0.052527255
33i	Inicial	Normal	Normal	0	Inicial	0.190937664	0.065741226	0.113457784	0.032358684	0.005738368	0.013512548	0.119898567	0.015500738	0.019631887	0.014691176	0.051621506	0.012262489	0.001607219	0.033061098
34DAG.AE	DAG_AE	DAG	Enriquecido	24	DAG_24S_AE	0.104928813	0.116354494	0.045048128	0.067289525	0.102935269	0.159974411	2.97544E-05	0.04207269	0.019667644	0.045553952	0.000728982	0.016216136	0.000357053	0.047770653
38DN.AE	DN_AE	Normal	Enriquecido	24	DN_24S_AE	0.175433419	0.068535596	0.075746957	0.091386942	0.036112136	0.203707119	0.0040391	0.035798598	0.035429731	0.002452969	0.011490225	0.004131317	0.00256363	0.046034674
39DAG.AE	DAG_AE	DAG	Enriquecido	24	DAG_24S_AE	0.151265491	0.117472508	0.043637633	0.061406877	0.075877116	0.030703439	0	0.059835922	0.021748996	0.007558038	0.000733112	0.013038925	0.000226916	0.083033688
39DAG.SM	DAG	DAG	Normal	12	DAG_12S	0.116840959	0.233234848	0.081114178	0.078801073	0.044143374	0.01006881	5.83136E-05	0.038700774	0.019515609	0.042082961	0.000602574	0.033491428	0.000116627	0.049585974
45DN.AE	DN_AE	Normal	Enriquecido	24	DN_24S_AE	0.179464343	0.065504591	0.074432216	0.093390165	0.038340013	0.214920372	0.001823695	0.035116738	0.03335666	0.002120576	0.009012448	0.003583773	0.002417457	0.042644782
46DAG.AN	DAG_AN	DAG	Normal	24	DAG_24S_AN	0.10650358	0.060381862	0.03641607	0.053480509	0.056742243	0.180747812	0	0.049144789	0.045544948	0.002486078	0.000596659	0.004574383	0.063981702	0.145385839
48DN.AN	DN_AN	Normal	Normal	24	DN_24S_AN	0.171834181	0.085441179	0.097166812	0.088802932	0.007493064	0.020494542	0.059316714	0.046477247	0.024868871	0.035602179	0.055205654	0.009113186	0.000506288	0.054476599
48SM.DN	DN	Normal	Normal	12	DN_12S	0.200064084	0.108276644	0.145617667	0.036133294	0.011189983	0.020901114	0.000492951	0.035221335	0.015873016	0.004362615	0.033372769	0.012841368	0.016784975	0.046854974
49DAG.AN	DAG_AN	DAG	Normal	24	DAG_24S_AN	0.137109621	0.073055977	0.028062831	0.067147038	0.03938058	0.073018931	0	0.049160894	0.055069833	0.001074353	0.00044456	0.003093395	0.088726707	0.186029711
50DN.AN	DN_AN	Normal	Normal	24	DN_24S_AN	0.212263304	0.088592693	0.09104695	0.094019993	0.009118662	0.014545962	0.087714747	0.050541732	0.01374783	0.00802123	0.075503322	0.004489495	0.001277012	0.043178961
50SM.DN	DN	Normal	Normal	12	DN_12S	0.249968251	0.101871058	0.123417855	0.062121661	0.017927444	0.013461457	0.000338653	0.029864962	0.009651611	2.11658E-05	0.049528002	0.00833933	0.001883757	0.056893705
50i	Inicial	Normal	Normal	0	Inicial	0.234497377	0.067992383	0.109542286	0.041567867	0.005263347	0.011173385	0.179241216	0.009790185	0.010185385	7.18546E-05	0.007185457	0.009574621	0.011460803	0.076866422
51DN.AN	DN_AN	Normal	Normal	24	DN_24S_AN	0.238330993	0.119682751	0.124485825	0.042365576	0.006157787	0.002660164	0.001748812	0.026847952	0.014926476	0.033522993	0.056380699	0.023325698	0.001108402	0.0484741
51SM.DN	DN	Normal	Normal	12	DN_12S	0.329440831	0.06590506	0.113860968	0.042634513	0.025994594	0.039825999	0.005870428	0.026079061	0.009206859	4.22333E-05	0.022827097	0.003927697	0.030703607	0.064300194
54DAG.AN	DAG_AN	DAG	Normal	24	DAG_24S_AN	0.123262332	0.154185351	0.064947683	0.068740658	0.101139761	0.023449178	0	0.046076233	0.020478326	0.02784006	0.000616592	0.051718984	0.004073244	0.042507474
59DAG.AN	DAG_AN	DAG	Normal	24	DAG_24S_AN	0.109792285	0.062240356	0.03143546	0.053134273	0.065671365	0.230396884	0	0.051594955	0.02648368	0.009996291	0.00046365	0.016116469	0.033048961	0.058234421
59DAG.SM	DAG	DAG	Normal	12	DAG_12S	0.131555501	0.07106853	0.02547141	0.070873253	0.110319155	0.158747788	8.54336E-05	0.041764814	0.034588393	0.000671264	0.000683469	0.002575212	0.059888936	0.074668945
59i	Inicial	Normal	Normal	0	Inicial	0.262508396	0.075386226	0.109736476	0.025461987	0.003139791	0.017589078	0.186075574	0.006638862	0.00440508	0	0.004139525	0.003686521	0.015730197	0.047846666
