Eigvals	12
0.0912432170444	0.0498328094964	0.0377437566382	0.0349189608384	0.0308490807457	0.0232738129759	0.017500132927	0.0146364925882	0.010442518811	0.00964382859935	0.00693332315528	0.0

Proportion explained	12
0.279015942577	0.152385555478	0.115418002301	0.106779956776	0.094334522836	0.0711698367856	0.0535142911662	0.0447574615166	0.0319325569977	0.029490213233	0.0212016603319	0.0

Species	0	0

Site	12	12
20DAG.AE	-0.148505545613	0.0706497051212	0.0051150354414	-0.0496611321157	-0.0690249792418	-0.00417435616987	-0.00225838025806	-0.0548434356678	-0.0338859597312	-0.0164167448774	-0.00564059847605	0.0
26DAG.AN	0.0476641916918	0.0478568383188	-0.00327509479934	-0.0101923753236	-0.0344349063891	-0.0601540046992	-0.0700170143726	0.0245822465568	0.0342729744154	0.0071676967012	-0.038103229231	0.0
34DAG.AE	-0.0461323494447	-0.0324204176738	-0.0884079274335	0.114933165951	0.0237515921807	0.0267502787581	-0.0560747398361	-0.0154095490646	-0.0185076695495	-0.00135148606766	0.00787803428141	0.0
39DAG.AE	-0.0364543243084	-0.116860802486	0.039081898351	-0.0723489407449	-0.00479647988651	0.0812007909283	-0.0303901608023	0.0281046969787	-0.00728017083678	0.00931444790169	-0.0150862980555	0.0
49DAG.AN	0.127195749839	-0.0515131697961	0.0353529544299	-0.0231499649209	0.0206047743522	-0.00712105075611	-0.0142721594857	-0.0787103530304	0.0316550306211	-0.0158681042042	0.0211820573247	0.0
7DAG.AE	-0.0709943102861	-0.039716715577	0.086045712813	0.0581636558607	0.07051639478	-0.0440939598529	0.0369604787572	0.00359368662799	-0.00859559660665	-0.025561134707	-0.0309581749667	0.0
46DAG.AN	0.120314711107	-0.0534389875865	-0.0595339799495	-0.0234582486819	-0.0154412490756	-0.0485787273535	0.0400636950178	-0.00125903758487	-0.0519056519129	0.033431006937	-0.0105986112249	0.0
27DAG.AE	-0.0570826444762	-0.0418170018693	0.0374248379055	0.0600203520422	-0.0951617534178	-0.0143059744959	0.0345028671648	0.0178392359165	0.0332479066095	0.0290873550232	0.0288309548548	0.0
3DAG.AN	0.0678595438742	0.0172013849495	-0.0162437604788	-0.0146507797125	-0.0229316351287	-0.00358169496681	0.00433322383667	0.0548562441921	-0.013587996419	-0.0687816503838	0.0281892874387	0.0
54DAG.AN	0.0134887983437	0.0992788429712	0.0717929006201	-0.00998819996981	0.0644545362205	0.00246854175872	-0.0250125267583	0.0184099064453	-0.0244529035914	0.0397725647991	0.033549906248	0.0
59DAG.AN	0.0902419492364	0.0938510449718	-0.0113411208336	0.035558157094	-0.0074289239895	0.0867249309233	0.049433086882	-0.00622586062136	0.0168097335931	0.00232981493756	-0.0283828377018	0.0
10DAG.AE	-0.107595769964	0.00692927865582	-0.0960114560661	-0.0652256894787	0.0698926295955	-0.0151347740741	0.0327316298547	0.00906221925175	0.0422303034082	0.00687623394025	0.00913950950833	0.0

Biplot	0	0

Site constraints	0	0
