Eigvals	12
0.119793395184	0.0833862612867	0.0482182677261	0.0268021495109	0.0164917874792	0.010913795939	0.00980129188098	0.00480711904157	0.00281656265544	0.000754527981171	0.0	0.0

Proportion explained	12
0.369978030094	0.257535773491	0.148920561776	0.082777572696	0.0509343527238	0.0337069060958	0.0302709732614	0.0148466318255	0.00869886274861	0.00233033528849	0.0	0.0

Species	0	0

Site	12	12
20DAG.AE	-0.134745832127	0.0349373045781	0.0179909189209	-0.0171947522647	0.0232800195778	-0.0333640880195	0.0485930927488	-0.0312394935989	0.017647096663	-0.00569650972799	-0.0	0.0
26DAG.AN	0.0367463439425	0.0194669739219	-0.0749152935317	0.0375713059379	-0.0390472022019	-0.0404321463206	-0.0404565056731	-0.0317675723845	-0.000485295124814	0.00902332224512	-0.0	0.0
34DAG.AE	0.0495637800452	0.00742497779705	0.0757176681361	-0.0567312297028	0.0210615759765	-0.0470521861381	0.00906885021494	0.0244550238753	-0.00749189252909	0.0143651445876	-0.0	0.0
39DAG.AE	-0.018075166309	-0.0977300561686	0.0696401254153	0.118539266174	0.00101320836291	0.0103917574933	0.0189845390381	0.00868035561942	0.00208462374339	0.00361688099869	-0.0	0.0
49DAG.AN	0.104868011433	0.0147694911923	-0.119011996071	0.041849126764	0.0295615010857	-0.000595585470284	0.0320856726613	0.0170973169428	-0.00181360525392	-0.00135732016808	-0.0	0.0
7DAG.AE	-0.0876745870723	-0.0597747004632	-0.0414793808705	-0.0354091484944	-0.0902066940934	-0.00822290676249	0.01199867113	0.027590110867	0.00204319945391	-0.00611630500168	-0.0	0.0
46DAG.AN	0.171335251375	0.00342737465723	-0.0382834688842	-0.0487729474793	0.0100653103346	0.0257733130803	0.0208902170608	-0.0110428163396	-0.00517217559633	-0.00323915979326	-0.0	0.0
27DAG.AE	-0.0985772204814	-0.167183283872	-0.0401959128331	-0.0463773231425	0.040484219988	0.0360061498273	-0.0267735164264	-0.00665259163257	0.00755300275981	0.00612234683816	-0.0	0.0
3DAG.AN	-0.0398013307379	0.0795674605945	-0.00470294485202	0.0134402390051	0.0454935032648	-0.0181433891237	-0.0516391290231	0.0247592304468	0.0100527111034	-0.0115861667393	-0.0	0.0
54DAG.AN	-0.070621696811	0.00723516462454	0.0351578145467	0.00208800436764	0.00519549988518	0.00545734769949	-0.0061823561782	-0.0129833237654	-0.0447206687252	-0.00732538617168	-0.0	0.0
59DAG.AN	0.164717188771	-0.0249552228577	0.106223276759	-0.0101828439067	-0.0274886514424	0.0128018811189	-0.0180786643965	-0.0117879665917	0.0149509156272	-0.00737944596521	-0.0	0.0
10DAG.AE	-0.077734742028	0.182814515996	0.0138591932643	0.0011803027423	-0.0194122907377	0.0573798526154	0.00150912884342	0.00289172656135	0.00535208787858	0.00957259889758	-0.0	0.0

Biplot	0	0

Site constraints	0	0
